64 200 0

0 6
6 6
12 4
16 12
28 4
32 4
36 7
43 8
51 4
55 2
57 6
63 3
66 3
69 5
74 5
79 7
86 7
93 6
99 9
108 3
111 9
120 8
128 5
133 9
142 5
147 3
150 5
155 6
161 11
172 4
176 6
182 8
190 4
194 8
202 8
210 7
217 6
223 5
228 10
238 7
245 4
249 8
257 7
264 5
269 4
273 9
282 5
287 10
297 7
304 3
307 4
311 2
313 6
319 4
323 3
326 11
337 6
343 10
353 6
359 10
369 12
381 6
387 7
394 6
400
38 1
26 1
56 1
28 1
57 1
21 1
33 1
34 1
60 1
46 1
52 1
27 1
60 1
6 1
46 1
18 1
36 1
61 1
18 1
14 1
52 1
25 1
28 1
42 1
56 1
15 1
50 1
33 1
17 1
23 1
6 1
42 1
63 1
62 1
21 1
24 1
23 1
29 1
2 1
34 1
55 1
4 1
62 1
58 1
11 1
24 1
54 1
61 1
55 1
27 1
30 1
57 1
23 1
34 1
33 1
60 1
32 1
35 1
31 1
55 1
14 1
12 1
21 1
7 1
34 1
41 1
41 1
10 1
21 1
23 1
49 1
60 1
18 1
48 1
57 1
10 1
22 1
3 1
17 1
43 1
62 1
45 1
39 1
31 1
34 1
3 1
18 1
37 1
41 1
63 1
20 1
47 1
46 1
4 1
18 1
14 1
59 1
25 1
30 1
16 1
17 1
34 1
40 1
3 1
43 1
38 1
13 1
2 1
37 1
23 1
57 1
28 1
48 1
59 1
16 1
55 1
38 1
39 1
35 1
41 1
38 1
58 1
5 1
0 1
27 1
10 1
52 1
12 1
34 1
14 1
40 1
24 1
60 1
6 1
13 1
31 1
28 1
4 1
45 1
8 1
55 1
19 1
7 1
5 1
22 1
55 1
47 1
35 1
3 1
17 1
0 1
63 1
38 1
35 1
60 1
42 1
21 1
28 1
7 1
47 1
1 1
20 1
61 1
44 1
45 1
23 1
29 1
0 1
38 1
3 1
27 1
41 1
43 1
39 1
6 1
28 1
48 1
55 1
40 1
35 1
7 1
17 1
23 1
57 1
53 1
10 1
37 1
15 1
48 1
59 1
9 1
45 1
36 1
57 1
1 1
56 1
41 1
50 1
62 1
35 1
8 1
3 1
18 1
22 1
1 1
6 1
8 1
15 1
11 1
38 1
10 1
25 1
55 1
26 1
33 1
30 1
20 1
3 1
60 1
45 1
58 1
32 1
39 1
19 1
16 1
52 1
57 1
31 1
0 1
21 1
40 1
42 1
45 1
28 1
26 1
18 1
20 1
34 1
29 1
61 1
45 1
63 1
15 1
20 1
36 1
38 1
18 1
22 1
30 1
12 1
33 1
16 1
42 1
55 1
11 1
20 1
28 1
27 1
38 1
60 1
41 1
3 1
4 1
48 1
15 1
29 1
58 1
59 1
18 1
57 1
28 1
63 1
47 1
36 1
28 1
23 1
38 1
15 1
39 1
32 1
47 1
50 1
59 1
54 1
2 1
1 1
16 1
60 1
58 1
24 1
48 1
45 1
16 1
53 1
27 1
44 1
62 1
30 1
20 1
50 1
47 1
31 1
42 1
13 1
52 1
13 1
59 1
33 1
48 1
3 1
45 1
55 1
63 1
49 1
37 1
3 1
1 1
21 1
57 1
31 1
56 1
59 1
47 1
7 1
46 1
62 1
35 1
51 1
60 1
10 1
23 1
30 1
24 1
6 1
41 1
20 1
7 1
33 1
0 1
53 1
59 1
3 1
61 1
8 1
14 1
31 1
44 1
37 1
0 1
59 1
52 1
32 1
19 1
7 1
43 1
47 1
21 1
60 1
36 1
46 1
20 1
56 1
53 1
49 1
43 1
17 1
57 1
31 1
60 1
2 1
9 1
36 1
47 1
55 1
42 1
13 1
1 1
58 1
22 1
59 1
26 1
28 1
62 1
3 1
39 1
7 1
56 1
61 1
5 1
15 1
33 1
54 1
6 1
47 1
5 1
26 1
16 1
39 1
44 1
51 1
