16 105 0

0 14
14 14
28 14
42 12
54 12
66 13
79 15
94 14
108 14
122 15
137 11
148 11
159 15
174 10
184 13
197 13

11 1
5 1
6 1
1 1
2 1
3 1
7 1
12 1
10 1
14 1
8 1
9 1
4 1
15 1
4 1
5 1
13 1
2 1
0 1
12 1
3 1
7 1
6 1
9 1
14 1
8 1
15 1
11 1
12 1
11 1
13 1
10 1
1 1
6 1
0 1
9 1
3 1
5 1
15 1
8 1
7 1
4 1
7 1
4 1
8 1
9 1
12 1
1 1
6 1
0 1
2 1
14 1
10 1
15 1
1 1
3 1
6 1
11 1
12 1
8 1
7 1
5 1
0 1
9 1
10 1
2 1
0 1
1 1
6 1
14 1
9 1
2 1
4 1
11 1
7 1
15 1
12 1
10 1
13 1
0 1
4 1
7 1
15 1
2 1
5 1
3 1
13 1
12 1
1 1
14 1
9 1
11 1
8 1
10 1
3 1
12 1
10 1
6 1
15 1
9 1
1 1
0 1
14 1
4 1
5 1
8 1
2 1
13 1
11 1
9 1
14 1
15 1
3 1
13 1
12 1
10 1
4 1
2 1
0 1
7 1
6 1
1 1
8 1
15 1
3 1
12 1
7 1
5 1
14 1
2 1
13 1
11 1
6 1
0 1
1 1
4 1
10 1
7 1
2 1
14 1
8 1
0 1
12 1
3 1
5 1
6 1
4 1
9 1
0 1
8 1
2 1
12 1
4 1
14 1
15 1
9 1
5 1
6 1
1 1
2 1
7 1
11 1
8 1
15 1
3 1
1 1
4 1
9 1
0 1
6 1
13 1
14 1
10 1
5 1
14 1
2 1
8 1
1 1
9 1
6 1
12 1
15 1
5 1
7 1
13 1
8 1
10 1
5 1
11 1
9 1
7 1
0 1
6 1
3 1
12 1
1 1
15 1
8 1
9 1
6 1
12 1
7 1
11 1
2 1
5 1
13 1
1 1
14 1
3 1
0 1
