256 512 0

0 4
4 3
7 4
11 2
13 3
16 8
24 4
28 3
31 5
36 5
41 5
46 4
50 4
54 2
56 1
57 2
59 2
61 5
66 3
69 6
75 6
81 4
85 3
88 4
92 3
95 5
100 7
107 5
112 9
121 6
127 2
129 3
132 3
135 3
138 2
140 6
146 4
150 4
154 5
159 4
163 6
169 5
174 3
177 3
180 7
187 3
190 4
194 2
196 4
200 5
205 4
209 5
214 4
218 5
223 3
226 6
232 5
237 5
242 4
246 6
252 4
256 9
265 5
270 4
274 2
276 4
280 4
284 2
286 10
296 4
300 4
304 4
308 3
311 2
313 3
316 3
319 4
323 6
329 4
333 2
335 6
341 5
346 4
350 2
352 5
357 3
360 3
363 3
366 2
368 7
375 5
380 5
385 2
387 6
393 2
395 5
400 3
403 5
408 3
411 7
418 5
423 1
424 4
428 2
430 3
433 5
438 7
445 8
453 8
461 2
463 1
464 2
466 2
468 5
473 4
477 1
478 8
486 2
488 3
491 4
495 1
496 2
498 6
504 3
507 2
509 4
513 2
515 4
519 5
524 3
527 4
531 3
534 5
539 4
543 3
546 4
550 2
552 2
554 5
559 3
562 4
566 1
567 6
573 8
581 3
584 7
591 7
598 4
602 6
608 4
612 4
616 3
619 3
622 6
628 4
632 2
634 5
639 5
644 6
650 3
653 2
655 3
658 3
661 5
666 5
671 3
674 2
676 1
677 5
682 4
686 3
689 6
695 5
700 3
703 2
705 4
709 2
711 3
714 2
716 2
718 2
720 2
722 7
729 5
734 3
737 3
740 1
741 3
744 4
748 2
750 3
753 6
759 3
762 1
763 3
766 2
768 4
772 5
777 2
779 5
784 7
791 6
797 3
800 1
801 2
803 5
808 5
813 4
817 4
821 7
828 9
837 5
842 3
845 3
848 5
853 2
855 4
859 3
862 4
866 6
872 1
873 3
876 2
878 5
883 6
889 2
891 4
895 4
899 2
901 7
908 2
910 8
918 5
923 6
929 6
935 4
939 2
941 2
943 4
947 3
950 3
953 3
956 2
958 5
963 7
970 5
975 6
981 7
988 3
991 2
993 5
998 5
1003 6
1009 6
1015 5
1020 4
1024
156 1
224 1
223 1
149 1
11 1
89 1
77 1
25 1
141 1
132 1
218 1
197 1
200 1
234 1
115 1
228 1
61 1
8 1
128 1
196 1
255 1
233 1
53 1
85 1
180 1
26 1
106 1
175 1
145 1
170 1
182 1
5 1
139 1
252 1
31 1
28 1
244 1
69 1
119 1
201 1
209 1
89 1
34 1
188 1
122 1
90 1
1 1
217 1
164 1
99 1
86 1
90 1
233 1
20 1
93 1
34 1
124 1
188 1
46 1
205 1
19 1
78 1
44 1
254 1
242 1
172 1
243 1
129 1
255 1
247 1
172 1
168 1
246 1
16 1
191 1
185 1
47 1
98 1
12 1
23 1
106 1
199 1
184 1
65 1
224 1
135 1
172 1
158 1
91 1
20 1
125 1
41 1
60 1
189 1
175 1
2 1
253 1
55 1
185 1
248 1
6 1
33 1
104 1
218 1
46 1
53 1
173 1
216 1
168 1
207 1
65 1
106 1
209 1
107 1
59 1
231 1
113 1
158 1
153 1
8 1
174 1
164 1
36 1
210 1
213 1
246 1
58 1
152 1
232 1
99 1
147 1
8 1
184 1
102 1
93 1
26 1
108 1
114 1
10 1
13 1
131 1
92 1
200 1
197 1
253 1
68 1
29 1
179 1
159 1
94 1
205 1
99 1
243 1
54 1
251 1
161 1
205 1
227 1
239 1
59 1
161 1
122 1
183 1
201 1
124 1
62 1
132 1
210 1
91 1
171 1
144 1
243 1
248 1
23 1
57 1
138 1
93 1
216 1
51 1
233 1
17 1
136 1
187 1
142 1
155 1
139 1
53 1
88 1
116 1
143 1
15 1
246 1
26 1
112 1
20 1
172 1
148 1
52 1
122 1
198 1
138 1
181 1
221 1
211 1
60 1
143 1
102 1
231 1
158 1
247 1
43 1
238 1
196 1
59 1
54 1
97 1
249 1
48 1
107 1
227 1
26 1
5 1
44 1
52 1
253 1
37 1
25 1
149 1
215 1
153 1
99 1
177 1
80 1
130 1
202 1
229 1
108 1
42 1
233 1
219 1
220 1
184 1
156 1
62 1
82 1
29 1
39 1
171 1
96 1
255 1
28 1
51 1
24 1
84 1
254 1
49 1
5 1
108 1
109 1
137 1
203 1
232 1
209 1
125 1
69 1
58 1
211 1
40 1
107 1
82 1
145 1
122 1
176 1
116 1
240 1
244 1
95 1
21 1
105 1
27 1
168 1
195 1
87 1
128 1
199 1
204 1
80 1
74 1
83 1
91 1
150 1
229 1
107 1
224 1
35 1
163 1
9 1
210 1
130 1
61 1
97 1
165 1
190 1
80 1
116 1
72 1
243 1
85 1
71 1
90 1
99 1
157 1
215 1
68 1
247 1
200 1
211 1
183 1
244 1
148 1
113 1
159 1
252 1
208 1
156 1
251 1
142 1
134 1
1 1
17 1
238 1
171 1
157 1
102 1
221 1
56 1
68 1
165 1
197 1
133 1
70 1
210 1
253 1
251 1
187 1
164 1
58 1
122 1
237 1
62 1
68 1
114 1
60 1
210 1
177 1
217 1
229 1
209 1
71 1
5 1
12 1
209 1
91 1
144 1
66 1
119 1
45 1
103 1
10 1
1 1
151 1
234 1
246 1
163 1
201 1
12 1
222 1
72 1
99 1
10 1
23 1
68 1
170 1
86 1
40 1
35 1
209 1
13 1
138 1
127 1
191 1
42 1
32 1
171 1
36 1
65 1
254 1
212 1
144 1
130 1
59 1
171 1
196 1
70 1
52 1
112 1
245 1
146 1
20 1
110 1
145 1
31 1
37 1
90 1
11 1
127 1
55 1
72 1
148 1
162 1
192 1
165 1
219 1
211 1
79 1
50 1
199 1
32 1
88 1
132 1
26 1
254 1
218 1
240 1
118 1
241 1
65 1
217 1
6 1
248 1
247 1
108 1
20 1
224 1
27 1
53 1
28 1
202 1
181 1
62 1
68 1
140 1
214 1
61 1
33 1
240 1
106 1
234 1
56 1
153 1
252 1
61 1
191 1
98 1
233 1
123 1
97 1
46 1
76 1
28 1
133 1
142 1
226 1
83 1
168 1
33 1
250 1
4 1
71 1
125 1
175 1
45 1
223 1
63 1
197 1
210 1
146 1
145 1
105 1
149 1
230 1
9 1
143 1
133 1
87 1
231 1
212 1
146 1
63 1
154 1
39 1
82 1
48 1
10 1
132 1
250 1
111 1
14 1
40 1
116 1
252 1
23 1
61 1
208 1
139 1
232 1
239 1
93 1
99 1
5 1
182 1
143 1
227 1
66 1
18 1
150 1
247 1
56 1
201 1
95 1
69 1
35 1
200 1
191 1
103 1
123 1
245 1
2 1
40 1
247 1
80 1
119 1
113 1
244 1
214 1
77 1
22 1
169 1
160 1
146 1
44 1
148 1
61 1
138 1
49 1
93 1
42 1
186 1
137 1
8 1
126 1
44 1
163 1
107 1
199 1
225 1
2 1
183 1
44 1
77 1
231 1
216 1
113 1
50 1
119 1
163 1
180 1
128 1
213 1
196 1
45 1
87 1
41 1
95 1
7 1
63 1
117 1
167 1
229 1
251 1
98 1
117 1
121 1
226 1
231 1
235 1
135 1
97 1
31 1
183 1
182 1
249 1
48 1
76 1
100 1
246 1
239 1
136 1
118 1
219 1
55 1
0 1
68 1
152 1
129 1
231 1
89 1
153 1
219 1
30 1
150 1
253 1
151 1
155 1
241 1
28 1
108 1
55 1
245 1
198 1
238 1
122 1
153 1
44 1
0 1
58 1
77 1
206 1
235 1
73 1
223 1
237 1
78 1
241 1
199 1
250 1
22 1
28 1
50 1
210 1
76 1
182 1
36 1
135 1
214 1
38 1
39 1
195 1
209 1
100 1
238 1
140 1
143 1
89 1
178 1
68 1
29 1
175 1
216 1
11 1
81 1
80 1
70 1
100 1
236 1
244 1
145 1
66 1
27 1
223 1
19 1
114 1
135 1
232 1
192 1
214 1
7 1
205 1
91 1
41 1
59 1
94 1
96 1
225 1
78 1
22 1
19 1
17 1
213 1
47 1
247 1
254 1
26 1
234 1
28 1
164 1
116 1
6 1
24 1
63 1
246 1
84 1
200 1
55 1
235 1
163 1
36 1
193 1
6 1
143 1
49 1
107 1
159 1
229 1
128 1
147 1
191 1
205 1
7 1
142 1
75 1
147 1
194 1
39 1
32 1
21 1
57 1
20 1
25 1
206 1
138 1
44 1
244 1
81 1
15 1
10 1
212 1
206 1
24 1
230 1
70 1
222 1
197 1
109 1
131 1
182 1
234 1
93 1
19 1
169 1
226 1
100 1
179 1
244 1
183 1
208 1
66 1
161 1
5 1
51 1
143 1
96 1
3 1
80 1
190 1
35 1
116 1
154 1
48 1
21 1
67 1
158 1
102 1
140 1
131 1
227 1
35 1
177 1
74 1
207 1
3 1
40 1
9 1
236 1
224 1
130 1
89 1
107 1
56 1
206 1
61 1
67 1
245 1
16 1
37 1
38 1
170 1
182 1
156 1
202 1
232 1
185 1
188 1
214 1
27 1
211 1
200 1
77 1
126 1
229 1
194 1
28 1
85 1
86 1
162 1
9 1
61 1
92 1
81 1
84 1
29 1
69 1
219 1
255 1
40 1
158 1
116 1
75 1
101 1
62 1
207 1
49 1
121 1
188 1
95 1
29 1
143 1
172 1
207 1
134 1
169 1
160 1
107 1
73 1
55 1
27 1
43 1
164 1
142 1
11 1
84 1
105 1
26 1
104 1
2 1
253 1
57 1
149 1
210 1
151 1
100 1
224 1
57 1
79 1
231 1
49 1
90 1
190 1
157 1
168 1
250 1
0 1
116 1
0 1
201 1
21 1
106 1
68 1
219 1
171 1
140 1
146 1
192 1
113 1
231 1
200 1
38 1
128 1
53 1
4 1
234 1
208 1
145 1
68 1
182 1
84 1
56 1
252 1
118 1
189 1
120 1
146 1
50 1
221 1
142 1
150 1
28 1
226 1
127 1
169 1
61 1
30 1
206 1
57 1
111 1
12 1
5 1
252 1
43 1
4 1
174 1
228 1
89 1
191 1
108 1
178 1
146 1
156 1
245 1
166 1
201 1
157 1
82 1
78 1
154 1
51 1
162 1
127 1
148 1
38 1
64 1
105 1
108 1
105 1
153 1
157 1
243 1
17 1
18 1
242 1
41 1
37 1
71 1
9 1
134 1
194 1
64 1
187 1
166 1
75 1
132 1
154 1
97 1
235 1
204 1
148 1
46 1
19 1
176 1
89 1
29 1
19 1
51 1
133 1
173 1
74 1
106 1
129 1
41 1
106 1
25 1
52 1
147 1
123 1
223 1
251 1
158 1
114 1
38 1
145 1
250 1
81 1
77 1
125 1
76 1
8 1
233 1
229 1
108 1
25 1
54 1
81 1
35 1
152 1
218 1
95 1
173 1
17 1
104 1
60 1
5 1
59 1
210 1
18 1
