16 120 0

0 15
15 15
30 15
45 15
60 15
75 15
90 15
105 15
120 15
135 15
150 15
165 15
180 15
195 15
210 15
225 15

12 1
14 1
5 1
8 1
2 1
4 1
13 1
11 1
9 1
6 1
1 1
7 1
10 1
3 1
15 1
11 1
2 1
6 1
5 1
10 1
12 1
13 1
0 1
15 1
7 1
9 1
14 1
3 1
4 1
8 1
1 1
0 1
11 1
12 1
7 1
10 1
13 1
8 1
4 1
3 1
6 1
14 1
15 1
9 1
5 1
12 1
6 1
9 1
4 1
8 1
5 1
11 1
13 1
0 1
14 1
2 1
7 1
15 1
1 1
10 1
13 1
11 1
9 1
0 1
12 1
14 1
3 1
2 1
7 1
15 1
5 1
1 1
6 1
10 1
8 1
14 1
1 1
0 1
8 1
9 1
7 1
10 1
3 1
12 1
13 1
11 1
6 1
4 1
15 1
2 1
1 1
7 1
8 1
11 1
12 1
14 1
9 1
3 1
13 1
0 1
5 1
15 1
2 1
4 1
10 1
6 1
15 1
14 1
2 1
5 1
8 1
13 1
0 1
12 1
9 1
10 1
1 1
3 1
4 1
11 1
6 1
9 1
12 1
0 1
10 1
5 1
14 1
7 1
3 1
13 1
2 1
15 1
1 1
4 1
11 1
8 1
4 1
13 1
6 1
15 1
5 1
3 1
0 1
14 1
7 1
12 1
1 1
11 1
2 1
10 1
15 1
8 1
11 1
13 1
1 1
2 1
14 1
5 1
7 1
0 1
12 1
3 1
4 1
6 1
9 1
1 1
4 1
15 1
6 1
2 1
10 1
14 1
0 1
13 1
12 1
3 1
9 1
5 1
7 1
8 1
0 1
3 1
8 1
6 1
2 1
4 1
1 1
11 1
13 1
5 1
7 1
14 1
9 1
10 1
15 1
4 1
14 1
9 1
10 1
0 1
11 1
6 1
1 1
12 1
7 1
2 1
8 1
3 1
5 1
15 1
5 1
13 1
0 1
6 1
11 1
4 1
7 1
8 1
9 1
15 1
10 1
12 1
1 1
3 1
2 1
10 1
11 1
7 1
9 1
14 1
1 1
12 1
13 1
3 1
0 1
6 1
4 1
8 1
2 1
5 1
