1024 1024 0

0 3
3 1
4 3
7 3
10 2
12 1
13 3
16 2
18 2
20 4
24 1
25 1
26 2
28 2
30 1
31 1
32 2
34 2
36 2
38 2
40 4
44 2
46 2
48 2
50 1
51 3
54 2
56 3
59 2
61 1
62 1
63 5
68 2
70 1
71 2
73 2
75 3
78 3
81 1
82 1
83 1
84 1
85 4
89 2
91 5
96 1
97 3
100 4
104 2
106 2
108 1
109 2
111 1
112 3
115 2
117 3
120 3
123 1
124 1
125 2
127 1
128 1
129 1
130 1
131 2
133 2
135 1
136 1
137 2
139 3
142 3
145 3
148 1
149 3
152 3
155 2
157 1
158 1
159 3
162 1
163 2
165 2
167 1
168 2
170 1
171 4
175 2
177 2
179 2
181 3
184 2
186 1
187 3
190 1
191 3
194 3
197 2
199 2
201 3
204 1
205 1
206 2
208 2
210 1
211 2
213 2
215 1
216 5
221 1
222 2
224 2
226 1
227 2
229 1
230 1
231 2
233 3
236 3
239 2
241 1
242 3
245 1
246 2
248 2
250 1
251 1
252 2
254 2
256 2
258 1
259 2
261 1
262 1
263 2
265 2
267 4
271 2
273 1
274 1
275 3
278 1
279 2
281 2
283 2
285 1
286 1
287 1
288 3
291 3
294 2
296 2
298 1
299 2
301 2
303 2
305 2
307 1
308 2
310 1
311 1
312 1
313 2
315 3
318 2
320 4
324 3
327 6
333 2
335 2
337 2
339 1
340 1
341 4
345 1
346 5
351 1
352 2
354 1
355 2
357 2
359 1
360 3
363 3
366 2
368 4
372 1
373 2
375 2
377 3
380 4
384 1
385 2
387 3
390 3
393 1
394 2
396 1
397 1
398 1
399 2
401 1
402 2
404 3
407 1
408 3
411 1
412 1
413 2
415 3
418 5
423 2
425 1
426 2
428 2
430 2
432 1
433 2
435 3
438 1
439 3
442 3
445 3
448 1
449 2
451 2
453 3
456 2
458 2
460 4
464 2
466 3
469 2
471 6
477 1
478 2
480 2
482 1
483 2
485 2
487 3
490 1
491 2
493 3
496 1
497 3
500 1
501 1
502 3
505 1
506 2
508 3
511 3
514 4
518 3
521 2
523 1
524 2
526 3
529 4
533 4
537 1
538 1
539 1
540 2
542 2
544 3
547 1
548 2
550 2
552 1
553 2
555 1
556 2
558 3
561 4
565 2
567 2
569 1
570 1
571 1
572 2
574 1
575 1
576 2
578 3
581 4
585 1
586 2
588 2
590 1
591 2
593 3
596 2
598 1
599 2
601 1
602 2
604 1
605 1
606 1
607 2
609 3
612 2
614 2
616 3
619 2
621 1
622 1
623 1
624 1
625 3
628 1
629 5
634 2
636 3
639 1
640 2
642 3
645 2
647 1
648 1
649 2
651 1
652 3
655 2
657 1
658 2
660 3
663 4
667 1
668 2
670 2
672 3
675 1
676 1
677 1
678 2
680 1
681 1
682 2
684 1
685 2
687 2
689 2
691 3
694 2
696 1
697 1
698 2
700 2
702 4
706 2
708 2
710 1
711 2
713 2
715 3
718 2
720 1
721 1
722 1
723 1
724 1
725 3
728 1
729 2
731 1
732 1
733 2
735 3
738 3
741 1
742 2
744 4
748 1
749 2
751 1
752 2
754 2
756 2
758 1
759 2
761 4
765 2
767 3
770 1
771 1
772 2
774 1
775 1
776 1
777 1
778 1
779 3
782 1
783 1
784 1
785 1
786 3
789 2
791 1
792 2
794 1
795 2
797 2
799 1
800 1
801 3
804 3
807 1
808 1
809 2
811 1
812 1
813 3
816 2
818 1
819 2
821 1
822 3
825 3
828 2
830 2
832 1
833 1
834 2
836 2
838 2
840 3
843 1
844 2
846 2
848 5
853 1
854 2
856 2
858 1
859 1
860 1
861 3
864 5
869 2
871 2
873 2
875 3
878 2
880 4
884 2
886 2
888 2
890 1
891 1
892 2
894 4
898 3
901 2
903 1
904 3
907 3
910 2
912 1
913 3
916 1
917 3
920 2
922 1
923 1
924 1
925 2
927 2
929 2
931 1
932 1
933 3
936 3
939 1
940 2
942 1
943 2
945 5
950 1
951 3
954 1
955 3
958 1
959 1
960 3
963 1
964 2
966 5
971 1
972 3
975 2
977 6
983 1
984 3
987 1
988 1
989 3
992 1
993 2
995 2
997 3
1000 3
1003 4
1007 4
1011 2
1013 3
1016 2
1018 3
1021 1
1022 3
1025 2
1027 2
1029 1
1030 1
1031 1
1032 2
1034 3
1037 3
1040 3
1043 1
1044 5
1049 1
1050 2
1052 3
1055 2
1057 2
1059 4
1063 1
1064 1
1065 2
1067 1
1068 2
1070 2
1072 3
1075 2
1077 2
1079 3
1082 3
1085 3
1088 1
1089 3
1092 3
1095 3
1098 2
1100 2
1102 2
1104 2
1106 2
1108 1
1109 1
1110 3
1113 2
1115 1
1116 1
1117 4
1121 2
1123 1
1124 2
1126 1
1127 1
1128 1
1129 1
1130 2
1132 1
1133 1
1134 1
1135 1
1136 1
1137 2
1139 1
1140 3
1143 2
1145 1
1146 5
1151 2
1153 2
1155 4
1159 1
1160 1
1161 2
1163 1
1164 2
1166 2
1168 3
1171 3
1174 1
1175 2
1177 2
1179 3
1182 2
1184 3
1187 1
1188 3
1191 1
1192 2
1194 2
1196 1
1197 2
1199 3
1202 2
1204 2
1206 2
1208 2
1210 2
1212 2
1214 1
1215 3
1218 4
1222 1
1223 4
1227 1
1228 2
1230 3
1233 2
1235 3
1238 2
1240 1
1241 3
1244 1
1245 2
1247 1
1248 1
1249 5
1254 1
1255 2
1257 2
1259 2
1261 1
1262 2
1264 3
1267 1
1268 3
1271 1
1272 2
1274 2
1276 2
1278 2
1280 1
1281 1
1282 1
1283 2
1285 2
1287 1
1288 3
1291 1
1292 1
1293 2
1295 1
1296 1
1297 1
1298 1
1299 3
1302 1
1303 3
1306 1
1307 1
1308 2
1310 4
1314 4
1318 1
1319 2
1321 3
1324 1
1325 1
1326 2
1328 2
1330 2
1332 2
1334 2
1336 2
1338 5
1343 1
1344 2
1346 2
1348 5
1353 1
1354 2
1356 2
1358 1
1359 5
1364 1
1365 2
1367 1
1368 1
1369 2
1371 2
1373 1
1374 2
1376 2
1378 2
1380 2
1382 2
1384 1
1385 1
1386 2
1388 1
1389 3
1392 2
1394 4
1398 2
1400 3
1403 2
1405 2
1407 2
1409 2
1411 1
1412 4
1416 1
1417 3
1420 2
1422 1
1423 1
1424 2
1426 2
1428 3
1431 1
1432 4
1436 2
1438 1
1439 2
1441 1
1442 1
1443 2
1445 1
1446 3
1449 2
1451 1
1452 1
1453 2
1455 1
1456 2
1458 1
1459 3
1462 1
1463 1
1464 4
1468 4
1472 3
1475 1
1476 3
1479 1
1480 2
1482 1
1483 1
1484 3
1487 1
1488 1
1489 2
1491 1
1492 5
1497 4
1501 1
1502 1
1503 2
1505 1
1506 1
1507 3
1510 3
1513 2
1515 2
1517 1
1518 1
1519 1
1520 2
1522 1
1523 3
1526 2
1528 3
1531 1
1532 3
1535 2
1537 2
1539 1
1540 1
1541 2
1543 1
1544 2
1546 1
1547 3
1550 2
1552 1
1553 1
1554 1
1555 3
1558 3
1561 1
1562 2
1564 4
1568 1
1569 2
1571 2
1573 2
1575 1
1576 2
1578 1
1579 1
1580 2
1582 1
1583 4
1587 1
1588 2
1590 2
1592 2
1594 2
1596 2
1598 3
1601 2
1603 2
1605 2
1607 2
1609 3
1612 3
1615 1
1616 5
1621 1
1622 1
1623 3
1626 1
1627 2
1629 2
1631 3
1634 3
1637 1
1638 1
1639 1
1640 4
1644 2
1646 1
1647 1
1648 2
1650 3
1653 2
1655 2
1657 1
1658 3
1661 2
1663 1
1664 2
1666 1
1667 2
1669 5
1674 1
1675 1
1676 3
1679 1
1680 3
1683 3
1686 1
1687 1
1688 2
1690 1
1691 2
1693 3
1696 3
1699 3
1702 2
1704 2
1706 2
1708 3
1711 2
1713 1
1714 1
1715 1
1716 1
1717 3
1720 4
1724 3
1727 3
1730 1
1731 3
1734 1
1735 1
1736 3
1739 1
1740 1
1741 1
1742 1
1743 2
1745 1
1746 1
1747 3
1750 3
1753 2
1755 1
1756 3
1759 2
1761 1
1762 1
1763 2
1765 2
1767 1
1768 2
1770 1
1771 1
1772 1
1773 3
1776 3
1779 3
1782 3
1785 2
1787 1
1788 2
1790 1
1791 3
1794 1
1795 2
1797 1
1798 1
1799 3
1802 1
1803 3
1806 1
1807 2
1809 1
1810 2
1812 2
1814 2
1816 2
1818 4
1822 1
1823 2
1825 3
1828 2
1830 4
1834 1
1835 3
1838 3
1841 1
1842 2
1844 1
1845 2
1847 2
1849 1
1850 2
1852 1
1853 1
1854 1
1855 1
1856 2
1858 3
1861 2
1863 5
1868 2
1870 4
1874 3
1877 4
1881 2
1883 1
1884 1
1885 2
1887 2
1889 2
1891 2
1893 3
1896 3
1899 2
1901 3
1904 1
1905 2
1907 2
1909 2
1911 2
1913 1
1914 2
1916 4
1920 2
1922 1
1923 3
1926 1
1927 2
1929 2
1931 2
1933 1
1934 4
1938 2
1940 2
1942 2
1944 1
1945 3
1948 1
1949 1
1950 5
1955 1
1956 1
1957 4
1961 4
1965 1
1966 1
1967 3
1970 1
1971 5
1976 5
1981 5
1986 3
1989 2
1991 3
1994 2
1996 2
1998 3
2001 4
2005 1
2006 1
2007 1
2008 1
2009 1
2010 1
2011 1
2012 2
2014 2
2016 4
2020 1
2021 2
2023 2
2025 3
2028 1
2029 4
2033 3
2036 1
2037 3
2040 3
2043 3
2046 2

698 1
143 1
322 1
256 1
216 1
285 1
957 1
589 1
529 1
590 1
578 1
574 1
734 1
142 1
9 1
26 1
422 1
410 1
317 1
199 1
6 1
165 1
195 1
428 1
407 1
1014 1
398 1
716 1
193 1
477 1
540 1
798 1
354 1
224 1
831 1
247 1
46 1
557 1
703 1
88 1
576 1
238 1
332 1
789 1
681 1
821 1
945 1
1008 1
184 1
853 1
832 1
228 1
420 1
704 1
6 1
363 1
444 1
553 1
831 1
414 1
87 1
481 1
184 1
155 1
352 1
700 1
732 1
952 1
967 1
67 1
751 1
992 1
827 1
700 1
843 1
965 1
233 1
244 1
229 1
236 1
982 1
189 1
708 1
210 1
963 1
943 1
82 1
541 1
663 1
626 1
338 1
303 1
291 1
752 1
845 1
990 1
51 1
18 1
393 1
101 1
365 1
145 1
491 1
684 1
855 1
749 1
544 1
924 1
789 1
45 1
611 1
87 1
507 1
519 1
521 1
822 1
403 1
401 1
460 1
987 1
274 1
263 1
349 1
479 1
719 1
164 1
77 1
739 1
987 1
854 1
117 1
755 1
516 1
667 1
417 1
493 1
32 1
769 1
580 1
616 1
709 1
850 1
446 1
225 1
999 1
232 1
469 1
517 1
653 1
291 1
253 1
830 1
631 1
398 1
666 1
253 1
478 1
95 1
59 1
732 1
366 1
826 1
434 1
543 1
498 1
773 1
604 1
42 1
812 1
910 1
525 1
258 1
197 1
457 1
530 1
676 1
746 1
52 1
28 1
19 1
894 1
356 1
240 1
899 1
866 1
260 1
258 1
476 1
325 1
1006 1
648 1
928 1
168 1
605 1
76 1
393 1
747 1
853 1
705 1
314 1
765 1
425 1
264 1
450 1
907 1
463 1
46 1
996 1
373 1
938 1
919 1
704 1
954 1
242 1
163 1
342 1
608 1
261 1
679 1
887 1
928 1
257 1
235 1
683 1
375 1
570 1
586 1
718 1
492 1
414 1
452 1
828 1
160 1
785 1
438 1
852 1
63 1
432 1
208 1
600 1
984 1
597 1
522 1
251 1
783 1
143 1
827 1
488 1
328 1
644 1
544 1
768 1
1021 1
335 1
678 1
649 1
995 1
665 1
204 1
483 1
351 1
866 1
883 1
192 1
189 1
663 1
474 1
1018 1
489 1
745 1
908 1
481 1
283 1
765 1
749 1
898 1
186 1
248 1
479 1
994 1
456 1
6 1
201 1
121 1
0 1
961 1
47 1
583 1
242 1
257 1
729 1
519 1
594 1
913 1
284 1
562 1
718 1
556 1
596 1
993 1
980 1
899 1
525 1
624 1
875 1
31 1
420 1
556 1
507 1
801 1
710 1
818 1
115 1
942 1
181 1
221 1
376 1
465 1
105 1
784 1
59 1
231 1
207 1
310 1
9 1
903 1
991 1
992 1
193 1
461 1
596 1
779 1
914 1
540 1
763 1
94 1
377 1
734 1
392 1
955 1
759 1
304 1
282 1
805 1
854 1
421 1
997 1
180 1
284 1
468 1
998 1
528 1
859 1
916 1
1011 1
517 1
948 1
999 1
227 1
174 1
161 1
559 1
582 1
193 1
796 1
920 1
430 1
848 1
23 1
30 1
383 1
855 1
227 1
139 1
496 1
696 1
661 1
676 1
561 1
986 1
38 1
133 1
356 1
391 1
624 1
759 1
1022 1
133 1
624 1
645 1
13 1
182 1
166 1
631 1
9 1
955 1
681 1
85 1
905 1
8 1
725 1
672 1
142 1
851 1
653 1
662 1
824 1
679 1
129 1
403 1
651 1
228 1
672 1
164 1
458 1
117 1
440 1
657 1
857 1
405 1
572 1
655 1
771 1
40 1
1015 1
993 1
969 1
473 1
606 1
476 1
920 1
900 1
493 1
2 1
839 1
998 1
344 1
933 1
536 1
232 1
307 1
917 1
1001 1
297 1
507 1
162 1
446 1
309 1
415 1
811 1
781 1
16 1
298 1
70 1
399 1
567 1
905 1
340 1
185 1
179 1
25 1
205 1
871 1
969 1
37 1
259 1
355 1
341 1
387 1
164 1
882 1
71 1
219 1
997 1
437 1
861 1
888 1
36 1
357 1
892 1
109 1
986 1
37 1
341 1
513 1
20 1
383 1
771 1
367 1
624 1
89 1
867 1
659 1
105 1
147 1
818 1
841 1
36 1
373 1
658 1
443 1
912 1
17 1
286 1
509 1
139 1
356 1
272 1
270 1
563 1
819 1
120 1
538 1
602 1
459 1
305 1
414 1
640 1
75 1
73 1
595 1
946 1
927 1
935 1
1 1
524 1
108 1
147 1
422 1
85 1
91 1
275 1
635 1
229 1
505 1
600 1
874 1
90 1
107 1
498 1
56 1
579 1
98 1
764 1
730 1
459 1
881 1
369 1
283 1
929 1
305 1
402 1
556 1
250 1
611 1
718 1
249 1
598 1
676 1
381 1
694 1
56 1
827 1
434 1
962 1
258 1
547 1
927 1
703 1
635 1
575 1
318 1
448 1
441 1
815 1
172 1
267 1
136 1
149 1
174 1
915 1
2 1
372 1
687 1
981 1
247 1
955 1
942 1
836 1
480 1
575 1
676 1
756 1
73 1
44 1
835 1
976 1
342 1
874 1
488 1
846 1
613 1
304 1
423 1
220 1
224 1
809 1
993 1
636 1
823 1
495 1
592 1
483 1
524 1
44 1
461 1
172 1
296 1
637 1
268 1
252 1
659 1
219 1
373 1
221 1
164 1
550 1
817 1
324 1
605 1
447 1
839 1
897 1
967 1
645 1
1010 1
97 1
842 1
641 1
977 1
458 1
769 1
8 1
686 1
384 1
279 1
789 1
947 1
348 1
1020 1
950 1
0 1
599 1
688 1
797 1
311 1
815 1
92 1
956 1
758 1
363 1
503 1
847 1
123 1
407 1
610 1
959 1
884 1
522 1
606 1
432 1
548 1
20 1
760 1
911 1
727 1
363 1
126 1
419 1
586 1
630 1
43 1
513 1
1013 1
226 1
237 1
230 1
106 1
292 1
808 1
364 1
217 1
584 1
936 1
792 1
386 1
800 1
585 1
320 1
698 1
56 1
544 1
805 1
394 1
647 1
884 1
130 1
775 1
31 1
842 1
463 1
16 1
379 1
230 1
855 1
89 1
249 1
189 1
234 1
958 1
520 1
986 1
701 1
716 1
655 1
327 1
334 1
26 1
343 1
47 1
493 1
78 1
239 1
804 1
1001 1
266 1
468 1
370 1
369 1
569 1
809 1
752 1
285 1
778 1
102 1
308 1
244 1
989 1
943 1
110 1
427 1
162 1
168 1
444 1
535 1
442 1
354 1
387 1
619 1
273 1
685 1
847 1
742 1
851 1
857 1
184 1
238 1
317 1
695 1
872 1
522 1
345 1
379 1
230 1
527 1
498 1
616 1
189 1
169 1
46 1
95 1
668 1
350 1
426 1
1011 1
1022 1
12 1
74 1
794 1
225 1
833 1
992 1
55 1
455 1
268 1
204 1
54 1
509 1
454 1
209 1
860 1
10 1
328 1
636 1
419 1
738 1
774 1
925 1
7 1
454 1
643 1
737 1
506 1
28 1
113 1
252 1
222 1
739 1
469 1
65 1
501 1
505 1
336 1
408 1
975 1
155 1
25 1
949 1
173 1
803 1
7 1
257 1
296 1
439 1
98 1
461 1
395 1
1017 1
375 1
588 1
9 1
724 1
840 1
987 1
183 1
975 1
715 1
493 1
117 1
331 1
1018 1
800 1
997 1
699 1
79 1
274 1
458 1
721 1
928 1
232 1
116 1
424 1
751 1
856 1
208 1
531 1
676 1
766 1
795 1
280 1
844 1
378 1
710 1
245 1
577 1
27 1
377 1
882 1
941 1
451 1
70 1
221 1
501 1
944 1
312 1
951 1
280 1
591 1
751 1
975 1
98 1
445 1
114 1
600 1
602 1
622 1
931 1
961 1
411 1
404 1
490 1
401 1
800 1
141 1
85 1
818 1
1012 1
316 1
435 1
207 1
252 1
265 1
55 1
303 1
425 1
166 1
572 1
100 1
353 1
502 1
898 1
672 1
162 1
1000 1
538 1
369 1
174 1
416 1
71 1
789 1
966 1
642 1
746 1
212 1
728 1
993 1
134 1
638 1
726 1
570 1
92 1
213 1
13 1
75 1
947 1
57 1
140 1
848 1
575 1
898 1
288 1
29 1
136 1
556 1
861 1
130 1
302 1
795 1
578 1
1013 1
743 1
974 1
1005 1
489 1
294 1
122 1
487 1
135 1
543 1
646 1
743 1
454 1
47 1
691 1
792 1
112 1
565 1
66 1
215 1
365 1
431 1
669 1
885 1
590 1
301 1
613 1
667 1
186 1
966 1
262 1
389 1
80 1
978 1
983 1
599 1
446 1
417 1
463 1
503 1
880 1
502 1
327 1
970 1
813 1
534 1
650 1
807 1
259 1
418 1
786 1
890 1
413 1
1015 1
53 1
157 1
220 1
670 1
740 1
404 1
247 1
767 1
660 1
802 1
552 1
677 1
545 1
879 1
339 1
237 1
793 1
925 1
64 1
178 1
71 1
916 1
539 1
631 1
148 1
53 1
901 1
358 1
845 1
925 1
53 1
120 1
330 1
385 1
539 1
895 1
858 1
256 1
302 1
84 1
153 1
713 1
868 1
617 1
388 1
983 1
175 1
869 1
802 1
995 1
3 1
85 1
440 1
597 1
951 1
920 1
841 1
504 1
786 1
378 1
956 1
773 1
218 1
614 1
776 1
878 1
467 1
251 1
973 1
522 1
518 1
964 1
14 1
167 1
848 1
42 1
1021 1
717 1
734 1
80 1
489 1
992 1
49 1
124 1
349 1
512 1
611 1
903 1
893 1
275 1
871 1
331 1
922 1
917 1
866 1
310 1
674 1
511 1
611 1
860 1
27 1
988 1
856 1
943 1
156 1
269 1
481 1
150 1
18 1
652 1
700 1
181 1
940 1
948 1
188 1
149 1
250 1
947 1
755 1
492 1
584 1
225 1
788 1
370 1
475 1
110 1
923 1
462 1
209 1
837 1
660 1
697 1
4 1
278 1
289 1
479 1
722 1
939 1
20 1
581 1
443 1
693 1
4 1
484 1
741 1
761 1
263 1
68 1
576 1
738 1
181 1
146 1
738 1
566 1
344 1
347 1
815 1
896 1
111 1
336 1
886 1
912 1
427 1
645 1
3 1
1000 1
494 1
3 1
904 1
448 1
972 1
301 1
678 1
926 1
900 1
148 1
958 1
1016 1
253 1
151 1
166 1
119 1
531 1
272 1
323 1
500 1
118 1
452 1
259 1
662 1
798 1
453 1
251 1
672 1
632 1
81 1
736 1
312 1
94 1
213 1
330 1
737 1
107 1
786 1
1000 1
791 1
642 1
757 1
976 1
328 1
51 1
270 1
545 1
552 1
923 1
295 1
495 1
536 1
663 1
731 1
971 1
633 1
69 1
390 1
897 1
526 1
671 1
689 1
380 1
990 1
692 1
899 1
944 1
816 1
453 1
1001 1
154 1
190 1
192 1
239 1
972 1
1010 1
43 1
842 1
741 1
634 1
845 1
935 1
669 1
337 1
1009 1
74 1
194 1
518 1
603 1
615 1
702 1
706 1
627 1
277 1
258 1
407 1
300 1
304 1
700 1
474 1
907 1
807 1
252 1
314 1
471 1
609 1
411 1
793 1
123 1
313 1
588 1
192 1
489 1
350 1
93 1
702 1
127 1
504 1
204 1
557 1
72 1
202 1
996 1
868 1
362 1
209 1
711 1
806 1
208 1
244 1
963 1
306 1
241 1
782 1
810 1
510 1
573 1
869 1
834 1
187 1
601 1
202 1
134 1
614 1
42 1
983 1
128 1
74 1
808 1
65 1
495 1
393 1
933 1
629 1
493 1
508 1
813 1
617 1
698 1
200 1
206 1
603 1
464 1
1002 1
1023 1
551 1
785 1
983 1
825 1
86 1
188 1
273 1
290 1
440 1
511 1
127 1
592 1
203 1
107 1
751 1
21 1
196 1
724 1
932 1
1019 1
943 1
109 1
873 1
47 1
381 1
317 1
941 1
285 1
902 1
323 1
618 1
947 1
820 1
1009 1
491 1
891 1
619 1
715 1
577 1
952 1
273 1
384 1
187 1
769 1
573 1
0 1
348 1
671 1
433 1
823 1
35 1
558 1
637 1
31 1
360 1
1001 1
648 1
633 1
965 1
19 1
276 1
104 1
25 1
96 1
753 1
633 1
828 1
914 1
39 1
922 1
776 1
867 1
69 1
158 1
442 1
714 1
655 1
832 1
726 1
525 1
710 1
869 1
431 1
692 1
361 1
12 1
876 1
542 1
112 1
150 1
271 1
815 1
58 1
842 1
867 1
435 1
1004 1
575 1
994 1
681 1
428 1
199 1
712 1
474 1
737 1
333 1
957 1
473 1
147 1
265 1
778 1
614 1
78 1
31 1
1020 1
5 1
169 1
542 1
973 1
604 1
412 1
607 1
726 1
905 1
581 1
583 1
408 1
977 1
60 1
415 1
760 1
508 1
578 1
627 1
1022 1
382 1
486 1
489 1
910 1
135 1
472 1
86 1
815 1
95 1
832 1
138 1
48 1
887 1
33 1
439 1
449 1
680 1
969 1
371 1
44 1
787 1
865 1
705 1
833 1
64 1
564 1
290 1
609 1
326 1
862 1
956 1
171 1
191 1
987 1
739 1
332 1
578 1
1023 1
901 1
167 1
264 1
137 1
97 1
440 1
509 1
934 1
979 1
125 1
954 1
68 1
696 1
316 1
812 1
239 1
209 1
790 1
900 1
941 1
81 1
535 1
408 1
351 1
537 1
708 1
980 1
730 1
372 1
166 1
986 1
943 1
994 1
223 1
918 1
659 1
120 1
163 1
116 1
674 1
918 1
505 1
608 1
534 1
752 1
568 1
886 1
50 1
318 1
470 1
20 1
771 1
609 1
827 1
345 1
491 1
514 1
643 1
398 1
483 1
440 1
182 1
323 1
15 1
601 1
800 1
346 1
455 1
799 1
432 1
157 1
511 1
528 1
421 1
856 1
368 1
834 1
350 1
172 1
656 1
821 1
639 1
504 1
909 1
343 1
666 1
299 1
370 1
659 1
864 1
223 1
882 1
83 1
770 1
975 1
504 1
670 1
990 1
867 1
281 1
324 1
585 1
718 1
746 1
621 1
310 1
159 1
242 1
457 1
250 1
690 1
1017 1
806 1
21 1
54 1
940 1
983 1
301 1
699 1
930 1
202 1
675 1
78 1
122 1
274 1
791 1
34 1
115 1
706 1
945 1
73 1
17 1
27 1
24 1
748 1
711 1
754 1
399 1
804 1
660 1
291 1
288 1
966 1
1018 1
572 1
1014 1
854 1
216 1
312 1
428 1
243 1
533 1
314 1
626 1
719 1
352 1
1020 1
35 1
441 1
520 1
628 1
44 1
294 1
382 1
327 1
960 1
479 1
540 1
183 1
932 1
69 1
201 1
382 1
116 1
96 1
23 1
62 1
838 1
172 1
48 1
355 1
184 1
554 1
803 1
439 1
209 1
382 1
523 1
883 1
176 1
962 1
406 1
552 1
1017 1
482 1
232 1
758 1
891 1
810 1
752 1
90 1
131 1
549 1
241 1
720 1
814 1
708 1
526 1
654 1
924 1
528 1
660 1
714 1
966 1
228 1
547 1
960 1
384 1
683 1
293 1
259 1
923 1
154 1
716 1
893 1
537 1
512 1
953 1
502 1
265 1
231 1
811 1
444 1
132 1
858 1
958 1
329 1
350 1
493 1
788 1
586 1
1015 1
750 1
107 1
232 1
925 1
505 1
1021 1
863 1
691 1
234 1
877 1
546 1
88 1
522 1
585 1
616 1
312 1
945 1
139 1
464 1
479 1
153 1
620 1
89 1
593 1
772 1
214 1
762 1
519 1
687 1
546 1
165 1
590 1
198 1
226 1
737 1
946 1
99 1
638 1
135 1
807 1
744 1
83 1
985 1
332 1
246 1
587 1
945 1
148 1
707 1
166 1
284 1
518 1
176 1
549 1
219 1
785 1
781 1
103 1
980 1
214 1
533 1
182 1
1003 1
993 1
708 1
548 1
571 1
612 1
874 1
868 1
49 1
409 1
515 1
889 1
520 1
592 1
276 1
254 1
968 1
94 1
436 1
107 1
267 1
823 1
994 1
453 1
849 1
681 1
668 1
217 1
767 1
255 1
628 1
344 1
953 1
102 1
575 1
822 1
559 1
445 1
686 1
772 1
161 1
287 1
42 1
374 1
555 1
682 1
780 1
621 1
446 1
22 1
829 1
912 1
897 1
254 1
906 1
1011 1
319 1
564 1
689 1
478 1
560 1
178 1
420 1
321 1
532 1
447 1
693 1
31 1
937 1
879 1
768 1
104 1
170 1
287 1
195 1
326 1
535 1
758 1
727 1
2 1
357 1
883 1
594 1
328 1
871 1
847 1
144 1
453 1
859 1
274 1
41 1
658 1
539 1
36 1
702 1
497 1
836 1
870 1
470 1
32 1
312 1
927 1
212 1
751 1
228 1
503 1
615 1
992 1
591 1
624 1
735 1
538 1
486 1
419 1
430 1
812 1
449 1
292 1
609 1
315 1
738 1
499 1
1017 1
767 1
777 1
919 1
152 1
285 1
37 1
500 1
527 1
664 1
675 1
822 1
118 1
910 1
235 1
359 1
780 1
188 1
61 1
429 1
759 1
55 1
553 1
373 1
619 1
813 1
44 1
165 1
34 1
166 1
400 1
971 1
543 1
152 1
211 1
300 1
921 1
473 1
141 1
723 1
930 1
780 1
1007 1
128 1
528 1
1011 1
653 1
101 1
174 1
232 1
432 1
217 1
174 1
179 1
70 1
466 1
589 1
608 1
220 1
623 1
701 1
368 1
672 1
920 1
721 1
486 1
92 1
994 1
22 1
630 1
690 1
625 1
313 1
177 1
396 1
946 1
995 1
457 1
485 1
339 1
11 1
837 1
210 1
506 1
886 1
594 1
426 1
820 1
978 1
860 1
135 1
432 1
836 1
681 1
321 1
733 1
842 1
126 1
542 1
890 1
397 1
741 1
191 1
673 1
761 1
